
====================================
     RESULTADOS Ė Cavalcanti  
====================================

Genetic:
  Mťdia = 6935.100
  Desvio = 86.961
  Resultados = [6869.0, 6963.0, 6975.0, 7051.0, 6855.0, 7059.0, 6807.0, 7116.0, 6859.0, 6904.0, 6812.0, 6865.0, 6863.0, 7065.0, 6893.0, 6919.0, 7095.0, 6965.0, 6951.0, 6906.0, 6836.0, 6927.0, 6971.0, 7082.0, 6827.0, 6936.0, 6931.0, 6884.0, 7005.0, 6862.0]
  Melhor Energia = 6807.0
  Melhor Mapeamento:
    [13, 14, 15, 10]
    [5, 12, 7, 9]
    [1, 4, 6, 8]
    [0, 2, 3, 11]

Andean:
  Mťdia = 16812.100
  Desvio = 2860.430
  Resultados = [19058.0, 12703.0, 16395.0, 13395.0, 14862.0, 16271.0, 12650.0, 22732.0, 21067.0, 18244.0, 14210.0, 14746.0, 18259.0, 15662.0, 15538.0, 19056.0, 13556.0, 15532.0, 14799.0, 18712.0, 18575.0, 22682.0, 19008.0, 12784.0, 16472.0, 14037.0, 21377.0, 16396.0, 19323.0, 16262.0]
  Melhor Energia = 12650.0
  Melhor Mapeamento:
    [8, 11, 9, 10]
    [2, 7, 6, 4]
    [0, 12, 1, 3]
    [5, 13, 14, 15]

Random:
  Mťdia = 17407.200
  Desvio = 2671.439
  Resultados = [15671.0, 19702.0, 22778.0, 21114.0, 17144.0, 14106.0, 18951.0, 19862.0, 22772.0, 19934.0, 20815.0, 16548.0, 17648.0, 16811.0, 16903.0, 16963.0, 16122.0, 17595.0, 14031.0, 15643.0, 21189.0, 17617.0, 13511.0, 15332.0, 17008.0, 13412.0, 16380.0, 15467.0, 18587.0, 12600.0]
  Melhor Energia = 12600.0
  Melhor Mapeamento:
    [15, 4, 8, 9]
    [5, 0, 13, 7]
    [12, 2, 3, 6]
    [11, 1, 10, 14]

SimulatedA:
  Mťdia = 6759.267
  Desvio = 42.036
  Resultados = [6791.0, 6769.0, 6770.0, 6791.0, 6721.0, 6737.0, 6927.0, 6781.0, 6769.0, 6773.0, 6721.0, 6721.0, 6731.0, 6791.0, 6781.0, 6781.0, 6757.0, 6791.0, 6777.0, 6721.0, 6721.0, 6769.0, 6721.0, 6721.0, 6770.0, 6721.0, 6721.0, 6791.0, 6721.0, 6721.0]
  Melhor Energia = 6721.0
  Melhor Mapeamento:
    [0, 2, 4, 15]
    [1, 3, 6, 8]
    [12, 5, 7, 9]
    [14, 11, 13, 10]

Cluster:
  Mťdia = 17541.467
  Desvio = 3370.390
  Resultados = [13424.0, 15510.0, 15498.0, 18397.0, 17303.0, 15471.0, 13442.0, 18269.0, 12690.0, 11209.0, 17746.0, 16967.0, 20716.0, 17670.0, 21217.0, 16298.0, 20436.0, 14334.0, 17684.0, 26898.0, 20416.0, 16289.0, 17691.0, 20617.0, 12733.0, 18743.0, 20587.0, 23910.0, 15714.0, 18365.0]
  Melhor Energia = 11209.0
  Melhor Mapeamento:
    [11, 12, 14, 1]
    [15, 2, 8, 4]
    [7, 9, 3, 6]
    [0, 10, 5, 13]


====================================
     RESULTADOS Ė MWD  
====================================

Genetic:
  Mťdia = 1367.467
  Desvio = 42.879
  Resultados = [1440, 1312, 1376, 1376, 1472, 1376, 1408, 1376, 1408, 1280, 1376, 1408, 1376, 1344, 1344, 1344, 1376, 1344, 1344, 1408, 1376, 1312, 1280, 1408, 1376, 1376, 1344, 1312, 1408, 1344]
  Melhor Energia = 1280
  Melhor Mapeamento:
    ['', 0, 2, 8]
    [3, 1, 9, '']
    [4, 5, 10, 11]
    [6, 7, '', '']

Andean:
  Mťdia = 2813.867
  Desvio = 374.635
  Resultados = [3456, 3520, 2688, 2880, 2816, 3616, 2176, 2400, 2912, 2816, 2720, 2432, 3424, 2752, 2912, 2720, 2400, 2592, 2720, 3104, 2912, 2112, 2720, 2400, 3392, 2624, 2912, 2624, 2624, 3040]
  Melhor Energia = 2112
  Melhor Mapeamento:
    [3, 0, 1, '']
    ['', 7, '', 4]
    [2, 9, 8, '']
    [6, 10, 11, 5]

Random:
  Mťdia = 2669.867
  Desvio = 273.618
  Resultados = [2720, 2624, 2528, 2848, 2208, 2368, 2656, 2304, 2656, 2784, 2464, 2784, 2784, 2560, 3232, 3136, 3072, 2944, 2400, 2848, 3104, 3008, 2464, 2112, 2560, 2720, 2720, 2496, 2400, 2592]
  Melhor Energia = 2112
  Melhor Mapeamento:
    [0, 6, 9, 10]
    [7, 4, 2, 11]
    [3, 1, 5, 8]
    ['', '', '', '']

SimulatedA:
  Mťdia = 1190.400
  Desvio = 12.800
  Resultados = [1184, 1216, 1184, 1184, 1184, 1184, 1216, 1216, 1184, 1184, 1184, 1184, 1184, 1184, 1184, 1184, 1216, 1184, 1184, 1184, 1184, 1184, 1184, 1184, 1184, 1184, 1216, 1184, 1216, 1184]
  Melhor Energia = 1184
  Melhor Mapeamento:
    ['', '', 4, 3]
    [7, 6, 5, 1]
    [8, 2, 11, 0]
    ['', 9, 10, '']

Cluster:
  Mťdia = 2947.200
  Desvio = 330.634
  Resultados = [2944, 2592, 2432, 3008, 2912, 2560, 2976, 3328, 3104, 3296, 2656, 3072, 2944, 2688, 2624, 2624, 2688, 2560, 3168, 2944, 2752, 2848, 2848, 3168, 3584, 3712, 2944, 3392, 3520, 2528]
  Melhor Energia = 2432
  Melhor Mapeamento:
    [9, 6, '', 7]
    [10, 11, 8, '']
    [1, 5, '', '']
    [3, 2, 0, 4]


====================================
     RESULTADOS Ė MPEG4  
====================================

Genetic:
  Mťdia = 2613.600
  Desvio = 43.240
  Resultados = [2688, 2602, 2630, 2652, 2600, 2588, 2626, 2642, 2602, 2650, 2600, 2590, 2650, 2594, 2530, 2740, 2594, 2582, 2606, 2572, 2632, 2516, 2590, 2678, 2606, 2596, 2598, 2648, 2614, 2592]
  Melhor Energia = 2516
  Melhor Mapeamento:
    ['', '', 6, 5]
    [2, 7, 0, 1]
    [10, 8, 9, '']
    [3, 11, 4, '']

Andean:
  Mťdia = 5888.000
  Desvio = 1082.793
  Resultados = [7254, 5880, 5890, 4498, 6346, 7384, 8178, 4616, 5976, 7274, 7460, 5568, 6348, 6080, 5602, 6156, 4768, 6486, 4682, 5870, 6216, 4668, 6976, 7576, 4958, 5528, 5124, 4002, 4958, 4318]
  Melhor Energia = 4002
  Melhor Mapeamento:
    ['', '', 2, 9]
    [0, 6, 4, '']
    [7, 1, 8, 5]
    ['', 10, 3, 11]

Random:
  Mťdia = 5788.800
  Desvio = 932.195
  Resultados = [4484, 5676, 5260, 5830, 5430, 6102, 5870, 5380, 6612, 6326, 6156, 3942, 5730, 7086, 5612, 7272, 5504, 4724, 6432, 4810, 5952, 5008, 7892, 6950, 4902, 5884, 6298, 4184, 7254, 5102]
  Melhor Energia = 3942
  Melhor Mapeamento:
    [1, 4, 10, 3]
    [0, 11, 8, 9]
    [7, 6, 2, 5]
    ['', '', '', '']

SimulatedA:
  Mťdia = 2507.333
  Desvio = 54.421
  Resultados = [2456, 2526, 2592, 2526, 2506, 2534, 2456, 2456, 2456, 2456, 2652, 2562, 2456, 2456, 2526, 2526, 2592, 2526, 2456, 2500, 2588, 2526, 2518, 2456, 2456, 2456, 2456, 2456, 2502, 2590]
  Melhor Energia = 2456
  Melhor Mapeamento:
    [5, 6, '', '']
    [1, 0, 7, 3]
    [4, 9, 8, 10]
    ['', 2, 11, '']

Cluster:
  Mťdia = 6467.667
  Desvio = 1103.637
  Resultados = [5972, 6308, 4240, 6490, 7972, 6028, 5376, 8648, 6150, 5720, 4780, 6480, 5902, 8374, 7326, 6400, 6280, 5752, 7812, 5518, 6760, 5390, 8224, 6666, 6178, 7470, 4866, 7704, 7582, 5662]
  Melhor Energia = 4240
  Melhor Mapeamento:
    [2, 3, '', 8]
    [0, 7, 11, 9]
    [6, 4, 10, '']
    [1, 5, '', '']


====================================
     RESULTADOS Ė VOPD  
====================================

Genetic:
  Mťdia = 4411.833
  Desvio = 135.296
  Resultados = [4538, 4423, 4261, 4391, 4313, 4402, 4429, 4591, 4469, 4127, 4099, 4366, 4251, 4499, 4403, 4564, 4409, 4581, 4543, 4282, 4599, 4493, 4444, 4406, 4207, 4548, 4379, 4611, 4276, 4451]
  Melhor Energia = 4099
  Melhor Mapeamento:
    [12, 10, 1, 2]
    [13, 11, 4, 3]
    [14, 8, 5, 15]
    [9, 7, 6, 0]

Andean:
  Mťdia = 9626.933
  Desvio = 1607.188
  Resultados = [7682, 9900, 7845, 9617, 9289, 8323, 9807, 9699, 8558, 8118, 11110, 11136, 8954, 7583, 10961, 11188, 14693, 9425, 8223, 8868, 9372, 10422, 8726, 10194, 7474, 11298, 8982, 10406, 8040, 12915]
  Melhor Energia = 7474
  Melhor Mapeamento:
    [3, 7, 8, 4]
    [1, 5, 15, 6]
    [2, 9, 10, 11]
    [0, 14, 12, 13]

Random:
  Mťdia = 9728.067
  Desvio = 1681.536
  Resultados = [6958, 11512, 9493, 10666, 8707, 11037, 10046, 9901, 8553, 10340, 8864, 9137, 10510, 6698, 10541, 8589, 12182, 14857, 9038, 9559, 9817, 9366, 9793, 10904, 7351, 10775, 6959, 8941, 12005, 8743]
  Melhor Energia = 6698
  Melhor Mapeamento:
    [12, 7, 0, 8]
    [5, 4, 9, 14]
    [11, 6, 3, 2]
    [13, 10, 15, 1]

SimulatedA:
  Mťdia = 3981.067
  Desvio = 99.074
  Resultados = [3873, 3981, 3975, 3997, 4131, 3911, 4157, 4157, 3917, 3933, 3873, 3933, 3933, 3991, 3921, 3921, 3937, 3873, 3873, 4173, 3937, 3917, 3873, 3943, 3965, 4141, 4189, 4061, 3917, 4029]
  Melhor Energia = 3873
  Melhor Mapeamento:
    [15, 1, 0, 13]
    [3, 2, 11, 12]
    [4, 10, 8, 14]
    [5, 6, 7, 9]

Cluster:
  Mťdia = 9933.100
  Desvio = 1250.524
  Resultados = [11493, 12495, 11166, 12820, 8150, 9058, 9341, 11387, 10242, 9567, 10905, 9215, 8877, 9523, 8646, 8290, 11145, 10040, 9230, 11152, 8948, 11041, 8289, 10086, 10867, 10055, 9209, 9012, 9717, 8027]
  Melhor Energia = 8027
  Melhor Mapeamento:
    [14, 13, 3, 2]
    [6, 12, 8, 1]
    [7, 5, 15, 4]
    [0, 10, 9, 11]

